    Quarterly                                   Show Id     Show Launch Date  Overall Total Listeners  Total LDAU  H1 LDAU %  H5 LDAU %  H10 LDAU %  H20 LDAU %  H30 LDAU %  H50 LDAU %  H100 LDAU %  Revenue (PG Inc) $  Revenue (PG Exc) $  PG Charges $  Net Revenue (Exc PG & Misc Cost)  Marketing Cost $  Production Cost $  Commercials %  Licensce Fee $  Total Revenue Gross $  Author Share Gross $  Author Payout Gross $  Payable Amount $ (Gross)  Total Revenue Net $ (Cumm)  Author Share Net $   Author Payout Net $  Payable Amount $ (Net)
0  2026-07-01  10434e7e067700af2c72c680bfeca6186d95dc8e  2025-11-19 00:00:00  Overall          101126     48846.0   0.277525   0.016276    0.008906    0.007861    0.007043    0.007247          0.0          3711.54351          3309.97048     401.57303                       3309.970480          0.000000                0.0           0.00             0.0             3309.97048              0.000000               0.000000                       0.0                15293.021351             0.000000             0.000000                     0.0
1  2026-07-01  147cb2bb54c4a9ff6c8d297991362ec3c7c58c34  2026-03-31 00:00:00  Overall           32308      8187.0   0.141810   0.046415    0.028826    0.020032    0.008794    0.001099          0.0           870.15675           814.37046      55.78629                        683.846947          0.000000                0.0           0.24         10000.0              814.37046            195.448910           -9654.234412                       0.0                -6821.484128         -1637.156191        -11637.156191                     0.0
2  2026-07-01  2cb8c4c9f3fd833fdb170ae26836916b052e75a8  2026-05-21 00:00:00  Overall           45963     11843.0   0.070168   0.032424    0.026429    0.016550    0.018661    0.002702          0.0          2572.64338          2304.70882     267.93456                       2304.708820          0.000000                0.0           0.00             0.0             2304.70882              0.000000               0.000000                       0.0                -7606.418560             0.000000             0.000000                     0.0
3  2026-07-01  318c013c87d40cfb415554ed806c315cbbf26510  2026-07-03 00:00:00  Overall           51794     14786.0   0.132828   0.036656    0.025700    0.022116    0.021710    0.000000          0.0          4277.21575          3825.17864     452.03711                       3825.178640        942.423593            33612.0           0.22         25000.0             3825.17864            841.539301          -24158.460699                       0.0               -30729.244953         -6760.433890        -31760.433890                     0.0
4  2026-07-01  3d6de14d5e9806fa95b61f1eb4a5be3aade1b56b  2026-05-29 00:00:00  Overall            7313      1710.0   0.116374   0.048538    0.030409    0.046784    0.000000    0.000000          0.0            11.62412            10.98037       0.64375                         10.980370          0.000000                0.0           0.15          1500.0               10.98037              1.647055           -1479.842358                       0.0                -3870.615720          -580.592358         -2080.592358                     0.0
5  2026-07-01  499cca562f55da260f614de48a1c1b082978f2d3  2026-08-12 00:00:00  Overall            3126       693.0   0.181818   0.050505    0.043290    0.000000    0.000000    0.000000          0.0             7.64808             7.31148       0.33660                          7.311480          0.000000                0.0           0.15         10000.0                7.31148              1.096722           -9998.903278                       0.0                    7.311480             1.096722         -9998.903278                     0.0
6  2026-07-01  4a6a6638a4ab3df80a764d91e57089a36f5e5311  2026-05-20 00:00:00  Overall            5159      1323.0   0.136810   0.045351    0.030234    0.029478    0.000000    0.000000          0.0            75.16347            69.20016       5.96331                         69.200160          0.000000                0.0           0.15          3000.0               69.20016             10.380024           -2979.635711                       0.0                -5043.238070          -756.485710         -3756.485711                     0.0
7  2026-07-01  57ca8fbdccc62a9790a95fd19fe44112cf456fb1  2026-06-09 00:00:00  Overall            1823       524.0   0.053435   0.028626    0.043893    0.032443    0.000000    0.000000          0.0             7.74675             6.58467       1.16208                          6.584670          0.000000                0.0           0.20          2000.0                6.58467              1.316934           -1952.437616                       0.0                 -291.188080           -58.237616         -2058.237616                     0.0
8  2026-07-01  69479289e105435903062a666d21f7a17b374d4d  2026-07-16 00:00:00  Overall            1439       298.0   0.224832   0.050336    0.026846    0.020134    0.010067    0.000000          0.0             0.00000             0.00000       0.00000                          0.000000          0.000000                0.0           0.15           500.0                0.00000              0.000000            -500.000000                       0.0                    0.000000             0.000000          -500.000000                     0.0
9  2026-07-01  7bf75061be229a431fd2db003c77545100e11c4f  2026-07-30 00:00:00  Overall            1191       296.0   0.324324   0.067568    0.010135    0.006757    0.000000    0.000000          0.0           101.33157            87.43449      13.89708                         87.434490          0.000000                0.0           0.15          3000.0               87.43449             13.115173           -2986.884826                       0.0                   87.434490            13.115173         -2986.884827                     0.0
10 2026-07-01  7d0e9751d1084f2e3f387dd6728fd6a282cffe49  2026-07-13 00:00:00  Overall            2114       501.0   0.131737   0.045908    0.033932    0.023952    0.015968    0.000000          0.0             0.92868             0.78938       0.13930                          0.789380          0.000000              137.0           0.15           500.0                0.78938              0.118407            -499.881593                       0.0                 -136.210620           -20.431593          -520.431593                     0.0
11 2026-07-01  8160010c7c4999a90fdc9157b32180f46fba0a38  2026-01-14 00:00:00  Overall             175        68.0   0.220588   0.044118    0.000000    0.014706    0.000000    0.000000          0.0             0.00000             0.00000       0.00000                          0.000000          0.000000                0.0           0.20          2000.0                0.00000              0.000000           -1861.316148                       0.0                -7006.580740         -1401.316148         -3401.316148                     0.0
12 2026-07-01  88660cc0f888bbdcdbc941d8e0ae41e5cd64603a  2026-09-03 00:00:00  Overall            1182       250.0   0.136000   0.048000    0.032000    0.028000    0.004000    0.000000          0.0            38.35800            37.03320       1.32480                         37.033200          0.000000                0.0           0.15          2500.0               37.03320              5.554980           -2494.445020                       0.0                   37.033200             5.554980         -2494.445020                     0.0
13 2026-07-01  88bd204348649cffa73a6834dd57203dcbb3f322  2026-06-04 00:00:00  Overall           10378      2482.0   0.086221   0.028606    0.019339    0.021757    0.013699    0.002417          0.0           499.70102           460.90125      38.79977                        460.901250          0.000000                0.0           0.20          1500.0              460.90125             92.180250           -1373.544448                       0.0                -3245.722240          -649.144448         -2149.144448                     0.0
14 2026-07-01  89059742a0258e1c4ed968e9ed6b7b06f7ef42d1  2026-08-27 00:00:00  Overall             493       104.0   0.201923   0.057692    0.057692    0.000000    0.000000    0.000000          0.0             0.00000             0.00000       0.00000                          0.000000          0.000000                0.0           0.15          2500.0                0.00000              0.000000           -2500.000000                       0.0                    0.000000             0.000000         -2500.000000                     0.0
15 2026-07-01  892d57319f02a28748d0bc1f442c7e511374b410  2026-08-28 00:00:00  Overall            1057       214.0   0.224299   0.046729    0.037383    0.023364    0.000000    0.000000          0.0             0.00000             0.00000       0.00000                          0.000000          0.000000                0.0           0.13          7500.0                0.00000              0.000000           -7500.000000                       0.0                    0.000000             0.000000         -7500.000000                     0.0
16 2026-07-01  92d0a735a4a0880414eae23ca32850980e3f89fc  2026-09-01 00:00:00  Overall             288        63.0   0.476190   0.079365    0.000000    0.000000    0.000000    0.000000          0.0             0.00000             0.00000       0.00000                          0.000000          0.000000                0.0           0.11          4000.0                0.00000              0.000000           -4000.000000                       0.0                    0.000000             0.000000         -4000.000000                     0.0
17 2026-07-01  933baf5dfa48fdcf9a65241fdfc1ef325cda0821  2026-06-26 00:00:00  Overall           17336      5717.0   0.131013   0.045653    0.034459    0.019416    0.011195    0.000000          0.0           470.34102           406.79819      63.54283                        406.798190          0.000000                0.0           0.12          3000.0              406.79819             48.815783           -2951.184217                       0.0                  -63.201810            -7.584217         -3007.584217                     0.0
18 2026-07-01  965e39e65d1c93a60afa8c2cd5b439a69bcac6da  2026-07-21 00:00:00  Overall           16688      5102.0   0.141709   0.052920    0.036064    0.022932    0.000000    0.000000          0.0           573.75365           543.68540      30.06825                        543.685400          0.000000               10.0           0.15           500.0              543.68540             81.552810            -418.447190                       0.0                  533.685400            80.052810          -419.947190                     0.0
19 2026-07-01  9944dd18708cb5d31018a470457d1da50e09b399  2026-02-27 00:00:00  Overall            4200      1025.0   0.187317   0.037073    0.022439    0.015610    0.015610    0.000000          0.0           194.62929           182.12319      12.50610                        182.123190          0.000000                0.0           0.15         10000.0              182.12319             27.318479           -9967.655453                       0.0                -1455.369690          -218.305453        -10218.305453                     0.0